5000 87611 86820.9
5100 90814 90354.5
5200 93603 93957.1
5300 97989.3 97628.9
5400 102024 101370
5500 105309 105180
5600 108753 109059
5700 112692 113007
5800 117005 117025
5900 121604 121112
6000 124860 125267
6100 129095 129492
6200 134261 133786
6300 139150 138149
6400 143343 142581
6500 147208 147083
6600 151810 151653
6700 155818 156293
6800 160560 161002
6900 166047 165780
7000 170432 170627
7100 175072 175543
7200 180807 180528
7300 185458 185583
7400 190794 190706
7500 196053 195899
7600 200970 201161
7700 206488 206492
7800 210927 211892
7900 216626 217361
8000 222042 222899
8100 228396 228507
8200 234602 234183
8300 239280 239929
8400 245477 245744
8500 251925 251628
8600 257087 257581
8700 263214 263604
8800 269575 269695
8900 276076 275855
9000 282092 282085
9100 287998 288384
9200 294650 294752
9300 301601 301189
9400 306679 307695
9500 313788 314270
9600 320694 320915
9700 327397 327628
9800 335116 334411
9900 341671 341263
10000 348144 348184
10100 354632 355174
10200 361654 362233
10300 369272 369362
10400 376770 376559
10500 382792 383826
10600 392239 391162
10700 399089 398567
10800 405664 406041
10900 412700 413584
11000 420334 421196
11100 428388 428878
11200 437173 436628
11300 445342 444448
11400 452241 452337
11500 458262 460295
11600 468732 468322
11700 475440 476418
11800 483408 484583
11900 491755 492818
12000 500081 501121
12100 508427 509494
12200 517561 517936
12300 526220 526447
12400 534809 535027
12500 543499 543676
12600 564650 552395
12700 560983 561182
12800 570283 570039
12900 579760 578965
13000 588519 587960
13100 597130 597024
13200 609949 606157
13300 615479 615359
13400 624204 624631
13500 641248 633971
13600 642614 643381
13700 652439 652860
13800 661861 662408
13900 670435 672025
14000 679111 681711
14100 690646 691466
14200 699483 701291
14300 712508 711185
14400 719788 721147
14500 729661 731179
14600 740439 741280
14700 752520 751450
14800 759942 761690
14900 772472 771998
15000 780762 782376
